463425
596894
731588
18397
314725
132259
136541
91107
143568
62236
432202
151375
728983
899624
871769
355414
453919
72440
948440
790812
564287
869204
823247
427718
790310
473078
374747
689616
771473
479477
22701
427842
979936
618860
443455
339221
553129
966409
817404
471063
822368
521738
273004
133039
285776
844562
529977
859309
964511
888963
883731
527295
892165
499158
454917
580526
138340
68576
966868
486822
722632
934158
820105
112365
338006
450194
970754
692789
535743
207332
422585
36910
674671
92559
776183
221431
298398
672201
486199
967830
318196
925544
701529
572981
778478
784233
286042
624642
821614
989730
63482
540335
271661
896960
584339
937052
14459
6526
894461
407820
294846
658473
875372
229100
882521
339272
89687
249715
21326
476402
387195
287185
46584
201222
442792
203750
112892
68217
276820
512671
63868
784448
688497
999353
647675
928978
509201
745384
871381
344424
455476
728474
932526
456125
211240
652891
848758
966028
460714
659364
915155
413384
896392
43563
195555
976671
247840
934378
83130
77656
107358
977374
213367
948157
332384
105008
670027
727062
346202
92218
503298
344148
464992
354541
492865
75543
258138
112619
386565
243420
109581
93478
278050
609861
550025
291089
842677
444136
835322
512865
897344
905038
111755
478578
44835
129430
177586
3413
706210
821251
586470
243590
743048
633648
738171
135572
538380
832164
364553
943570
199505
951346
143263
327186
535309
384772
257062
145500
702160
223329
946516
445708
610767
641872
591092
558525
976131
227847
525655
88705
741211
998161
313302
708182
518710
138440
686639
471588
300029
507297
604158
155270
402895
887265
118264
523261
165614
692047
642260
780185
267138
26621
881389
829780
213724
91927
170244
569981
713620
429760
525797
246451
518356
80864
476189
862279
584744
447325
834859
774159
116936
40804
145227
787594
95468
695809
860930
684559
401569
634004
620934
808994
973712
827578
912567
887029
30342
512528
212720
334195
547658
630901
380208
90305
675516
769493
66079
474960
632118
303631
652836
725975
219476
792532
239767
469237
596096
756808
840660
769257
369552
241994
77813
390122
172252
26278
441476
446208
350619
992341
350964
938563
108927
861678
636726
144981
922559
586913
490583
296987
202505
776794
595160
176725
841980
6084
577159
632946
75624
273015
477944
531752
13504
887344
36953
62586
406145
733303
899057
14762
467073
134530
30758
712036
639919
364069
601461
233506
479140
840702
396418
29771
744865
934124
561506
547358
714837
844558
777053
994918
201647
44418
171176
872614
984549
910153
600783
984483
290942
938482
957337
101163
489500
239009
273545
866332
849942
954014
480989
434357
850820
255145
624672
128515
750484
723214
341771
96048
672223
864232
361972
100559
829359
215803
123877
762267
563666
777798
173208
291844
669080
817228
628832
456767
434398
736284
623482
148382
250504
71094
583676
671822
594361
923555
866150
755280
536408
990472
731339
632737
236936
538271
786649
643914
964386
161361
659810
464643
215962
406589
553176
376107
371915
51213
199191
226303
223084
746011
618950
686881
67027
260662
141232
510309
738796
894988
488309
166324
699463
558763
796304
926633
969731
348494
494832
267173
326954
159560
194763
484988
753876
257952
314481
255338
883386
278502
192273
882086
799451
399546
3316
518987
730052
128909
526714
928501
185789
706390
874625
49037
558337
971532
113065
74263
242952
566108
584697
338103
864693
504581
575503
855980
143532
255813
547767
711112
67960
569791
364802
713028
184058
768617
624430
495624
869277
611933
528812
818572
839473
664755
324781
854241
79989
165691
603639
724895
171277
411427
162496
642496
828296
341125
455955
470906
780360
259530
411426
126209
828930
659629
718987
375524
943569
583800
547163
782255
476833
622176
43299
935161
911165
96151
86646
193258
955834
434615
48466
177131
957493
436830
155161
654701
598782
792018
482163
830232
833523
106690
745452
695593
81320
156355
194319
483453
576068
485283
827049
187903
255796
36598
437266
814466
799972
60494
281959
264431
201881
762259
103340
641010
802270
176954
92055
313505
998065
162326
354445
624484
167171
51873
82643
614650
461481
421966
944623
94058
37526
285087
455906
633495
734407
516203
592341
845801
590489
380410
675371
403351
922157
341881
374862
894179
974015
886786
467583
241707
833322
550047
833090
979391
855540
203201
989436
618512
766429
322296
638601
305250
456611
43561
42417
936787
862404
997887
866447
702659
482628
128852
69096
601943
931608
446213
881081
364569
889785
131609
309512
427823
467914
195217
783467
921099
755076
254186
602327
77944
802948
160077
212963
897381
609028
574405
554771
444389
65385
745239
377366
619750
38971
305307
209479
74282
122275
943370
260409
334906
547778
298167
241271
642987
206725
807415
375675
578003
721654
221710
590706
876576
930570
590779
106346
733529
123598
690931
831296
924535
935264
93674
274182
871624
701234
23916
852012
950983
484730
239850
532121
536426
468080
206231
372917
380225
441072
872654
81144
53124
825968
345257
511856
953063
824719
907751
719837
255683
689145
702976
192816
466299
790908
800947
111144
433181
83456
264010
971653
218839
467011
567167
454138
312301
917984
286846
860481
252329
626043
300799
173466
700532
538293
38672
512827
963285
96324
819682
726351
739285
572925
192650
699044
500883
702802
2198
71885
623493
235342
610661
798730
695680
155298
208070
987755
918550
191313
709650
294734
327042
896200
296573
62817
68450
94080
260089
306320
753063
387736
252102
295436
38087
891787
454136
367409
887581
174387
207326
455526
586231
72614
554904
1829
525411
970470
423889
161005
853140
864505
260234
195154
286144
169334
321434
686037
90848
43797
173547
332588
944197
432630
744710
797388
737425
145469
947516
605633
434522
819426
870646
42070
306501
994879
374200
13769
587099
508355
86896
516426
338064
743776
640271
23857
292864
256599
773484
500903
234043
538927
561341
729824
698689
812473
105311
282540
279568
641826
266554
855633
131627
915497
248521
866670
832152
503368
455626
755898
198853
517476
584639
350859
562618
12149
112597
849257
494505
725582
835797
854430
41604
603408
566624
237440
808949
978543
877842
576005
472044
661948
617852
434893
200339
11740
937316
115674
890266
633911
709335
331868
929514
470928
56478
24043
80169
73562
624184
322524
362267
271766
207515
475044
17448
44845
322059
818132
579216
269113
179347
489897
269399
809526
479539
815551
902177
530856
806786
634289
902705
576194
974685
482072
806648
55849
599130
112415
753425
660898
562667
361711
632023
149877
728252
279177
279182
109586
420438
219779
603826
61972
742062
568457
629648
587901
884950
6446
916428
835406
350740
287832
684201
94517
840963
66608
257381
275700
165548
984304
126571
387136
108393
936989
493834
121158
315368
919104
739948
266295
313257
364576
323761
329749
737638
323391
676724
210811
108685
840876
348742
236152
247384
970630
449979
792114
793166
443242
486930
646823
578888
549767
433702
18664
25346
706944
913150
721788
434016
976593
467961
973121
878905
176688
595167
32615
157334
769170
142676
314359
136796
521284
120931
678482
894458
287885
819676
188474
702317
670385
785211
193862
632232
645114
484961
264948
3596
824599
326495
807648
143973
456094
585338
590954
998064
649786
454352
684908
550528
816580
242659
845144
835797
891050
242735
889796
345851
198710
807553
650132
327366
162424
68985
714985
361587
336484
146010
989774
19903
10112
540959
348850
121700
548202
664015
487194
105314
183635
802707
64463
831504
255726
685826
752268
138806
30105
717377
394202
181186
693069
213609
447017
334227
228893
900525
928959
178974
662910
7851
595761
149801
263567
176358
447067
155493
749827
202701
214038
168247
708550
200062
654734
61717
13105
274570
274253
782107
686918
950255
979382
931454
923201
979068
732296
580622
833567
535902
141937
956928
579529
492102
916025
874615
743597
60728
544360
851005
582803
343825
502829
8054
979969
224945
57136
40771
258775
449957
658536
998259
906519
137537
956423
664796
93474
753401
28954
110084
313838
715813
804113
454827
111102
897270
277193
882853
333118
254220
466186
839270
314296
315311
407344
391597
848368
112217
453006
927490
733305
649330
978058
690246
242387
412463
456859
728685
392884
214703
79299
157431
748288
91892
239835
491142
739027
127211
976661
697404
624734
884771
677694
981033
575967
287587
156608
456150
887745
809647
325801
135685
992251
218902
119016
369515
884075
564298
148302
983345
315991
782427
607295
152323
740759
87806
301845
726503
495503
405202
322135
293925
637323
891136
663478
240023
703170
26394
459129
774048
148812
989832
243913
560757
397368
913013
132735
187562
93327
415537
675879
359874
257227
135387
547346
759578
326147
721833
322958
99807
935190
814750
70235
569582
604636
971281
904364
473030
650189
884814
713339
255189
8552
551705
721955
292718
852453
519865
509774
575414
345804
937044
196204
345974
489497
714321
319588
302510
582706
476890
477833
205768
228494
704828
502844
328478
790512
686209
416588
994019
929516
574322
131603
711075
5045
727330
895728
459304
235607
607305
163469
656224
37488
623397
107492
50178
401880
709900
506076
308692
97124
681495
868386
717101
738408
896133
410242
183254
435322
866665
505830
150720
122477
922312
227962
258967
664502
424869
548284
114258
996927
538672
93572
749976
295294
659828
935343
963373
718949
726474
28907
616863
594001
19447
193816
112132
451992
957669
734800
918742
466629
118625
61108
312689
575013
347419
957186
254528
127828
504290
989615
538069
634836
533315
603082
814518
482593
213997
356817
278868
491660
423035
51283
800185
781116
571736
701824
547686
600988
476272
65787
819091
378439
659982
253387
843569
726924
981480
404458
647972
223538
806290
915987
792413
134467
265380
843812
898620
620573
342277
461365
162873
316872
958744
216012
707529
110595
486105
848678
98440
226634
567051
936635
752655
328388
968275
859773
761254
496937
212121
702873
145514
722569
963734
129680
360239
78795
786323
640712
176677
879141
43121
51774
861468
415558
947819
225724
696581
155926
687942
256940
524129
821233
606833
753425
334021
670667
730581
966844
942785
660959
252890
588931
339172
62429
116820
990446
892826
92242
51248
508652
933030
561699
932802
904695
411419
9514
355850
60145
229415
306938
721333
69867
353541
776577
425502
544271
173783
567508
378109
739176
516488
688628
53879
439316
946235
355200
471794
168933
965789
488593
279179
860764
56213
263380
517671
380676
125329
307784
647313
93396
5369
742874
863015
394559
236172
528446
536087
606047
501494
764497
965434
229019
602564
938342
278435
686305
540979
790692
319133
101037
469191
644700
100371
890241
835782
155695
427768
191159
184575
246324
839277
795750
68815
881814
712841
934305
500897
667287
192792
678014
532401
512903
884805
922976
757853
368036
153659
141544
717014
53335
163806
407893
842921
887783
426172
951581
332214
706322
610466
688352
863587
876076
632581
405796
4299
132440
45141
923496
834004
548028
323024
535306
438347
521063
144931
852420
555195
949851
153350
211874
927755
400047
907550
231291
278238
129283
142266
457059
803365
20656
200821
335634
834221
382770
451038
806906
913547
693056
907915
132775
93522
501088
439175
405605
868799
511887
223661
101516
392228
159299
319758
900642
920738
49778
217791
963033
875275
516291
211369
611350
958186
61133
150649
665025
610525
126222
550234
593570
696933
447658
167428
15398
461453
641758
104145
698125
311407
228598
890786
445220
57744
864185
142683
210587
845938
271659
563871
408443
600327
979123
610992
458653
627562
240312
998392
416071
358907
857751
224116
659117
304431
645239
895213
892501
370205
508392
740047
728604
806220
466009
347941
395198
652339
300840
553894
138609
317706
848290
164300
274545
112421
733958
344190
812005
798626
281465
298296
891609
469972
498397
222692
576111
810484
24849
652561
972893
300610
813639
605226
472110
139430
822838
176426
857687
446524
185865
663069
66548
663788
541479
845635
663815
544392
545648
9076
939931
247405
314821
583334
732043
233138
688504
867288
109747
507075
458613
930051
158579
401902
840254
567835
501381
525127
928289
580322
950759
757388
934335
377454
27122
317788
146937
800657
890059
898233
896217
467163
620710
401898
453630
525328
3272
24768
615971
234077
372148
461066
2596
781302
312338
7615
633670
482668
503912
158989
731023
382005
318862
887267
206740
185748
399128
919492
346661
806000
57695
846262
249473
584237
242247
273650
899137
747015
692757
312788
541692
222710
654455
534720
15591
416942
825953
563293
786624
335210
346806
511504
348009
540483
152214
587626
505474
157033
958322
507973
365126
936020
982055
147658
368723
403239
434975
999414
513856
303210
525967
146258
849229
288588
500439
919192
727360
518040
264671
960029
644035
634969
784243
77900
400635
548311
958909
554081
430499
106927
483189
559459
664668
629424
548667
777230
130765
912716
151729
153123
354656
345674
698102
83085
801475
491102
848184
418452
962116
933731
710530
135899
706553
301120
517836
920307
723446
143200
456691
754729
387957
146794
322417
266371
697994
776493
177173
601280
345534
529079
668370
866427
184462
462698
650381
11472
5892
910326
419388
595011
618528
941869
388164
236169
779090
160030
310937
646384
454654
503560
711604
568817
690298
62091
582335
33629
936866
283337
745940
963231
772626
43666
579399
709963
651808
90540
837640
200783
276523
43807
409795
760435
698124
721756
591962
107669
578357
618917
268246
773929
196535
885168
699316
15854
8957
285359
470091
217013
788896
165654
566659
365789
54332
98495
631676
799533
323317
75884
805339
213585
6677
303192
105173
229536
353228
870842
836834
769547
326641
298882
892974
197777
710399
777124
642336
719029
622271
970860
510632
150621
31553
129912
688573
536533
399042
398695
808746
861926
562057
661232
550819
511400
615734
654420
996811
284228
935057
84903
95016
891828
135113
138619
187148
465378
773483
745797
40267
664628
405632
929427
675326
35869
978058
652854
828059
346490
90821
310619
561196
837714
661244
181848
303985
17583
913954
375441
290016
570053
163297
214514
280525
973966
304046
238967
390532
652026
946799
575395
632633
913830
402363
62528
78961
701550
81449
46723
800094
79012
751727
546701
248608
524203
774552
788141
417839
559519
499209
860951
760572
869593
208237
769616
293902
378700
371631
890217
326547
951522
598063
416589
280828
372469
120185
832282
144302
542319
474024
27207
417257
698430
708097
337941
105928
377501
926653
921185
820961
449408
716770
630620
122304
735485
395845
429562
982161
313472
475445
545737
411542
798578
920886
825672
386147
626396
730814
200560
871760
48977
67241
527324
373673
492316
254569
558748
378405
439662
637977
636582
779859
458151
773505
191311
662415
952051
173899
322916
956373
256138
855701
572917
483774
691607
321845
408973
809538
473910
453973
895649
258497
861314
783944
856387
840187
450909
575757
841872
781202
154278
856943
699778
554377
651708
91880
790676
616972
165293
224700
805134
620788
869242
773033
735345
682344
550043
488811
103048
540951
16815
419693
799500
127730
723550
87907
158077
485059
187295
583488
753098
270142
2637
938259
411811
342390
880511
478977
419807
225477
880954
109205
371924
190367
284452
713928
29251
214048
715017
330978
838070
386121
675152
21640
501700
80362
906085
148130
262553
117738
234015
379240
896674
976408
682041
873431
341329
956820
964513
764562
474659
247454
511800
363992
733751
198136
119512
762052
802725
935253
357203
279466
297667
782259
168147
602926
245143
409078
150245
568142
879154
868059
462959
476394
749251
870268
128719
846418
353922
251469
833378
361183
573708
15896
532370
412102
255459
532075
408427
185389
74532
803203
546087
367349
133067
704726
8739
542198
185795
345705
654877
66993
782752
224549
197170
636889
606667
840015
661447
69866
295203
515993
603143
551388
253152
278967
290303
796326
609894
584567
215517
963378
231092
854708
728911
506576
618600
507774
210858
146345
817055
838604
527355
177743
587343
456706
207816
946329
423519
168141
846448
454238
496919
339203
205654
707800
830578
397648
471850
728475
290419
242788
667833
399900
87813
985584
219303
693360
792454
271071
966208
528356
12553
884964
990356
679148
196523
306831
238884
227258
117029
58449
42468
651962
676095
595266
277457
798109
189208
622745
833751
117553
864355
3845
845740
869279
255388
517457
993742
28761
671969
462995
359544
501170
536469
536875
513066
949890
413490
817747
464871
833120
370322
920875
448594
429527
232484
266367
639300
306141
453035
8185
465820
172875
754414
177959
119427
833517
632852
695146
490611
657312
816565
467023
363739
134495
208784
121567
481242
121133
751313
918452
808476
737936
569608
442135
900369
158489
116262
233519
875945
601219
561409
894129
639729
772686
890654
832852
763765
514626
2546
854427
939374
885457
692352
762086
643641
250632
678269
956203
829145
325570
740055
44345
683840
792734
719614
556774
398587
338482
383466
348952
313998
266475
965918
744508
620416
106054
381975
589208
999780
796173
509537
680664
757510
861060
762934
12118
668154
226790
618917
870177
347388
286417
784129
44386
298146
504952
66401
277817
133672
48496
114123
256025
136516
994199
42307
83997
296998
162650
85570
492338
211407
518112
174002
123450
653751
345008
549800
187310
791379
798517
997697
183991
272740
585822
357885
719221
863710
62604
337975
998367
708137
18726
204392
395114
361026
827767
656470
868831
89210
762218
906400
276158
410028
197212
424116
415460
972
846614
592101
119283
739263
685306
92944
577308
155957
618973
703215
850882
971436
746792
931464
953324
448174
337524
935772
121664
199578
824626
768199
478554
932600
728540
129644
643857
172029
190153
330692
989989
116751
717664
249065
25803
522687
409923
101719
674708
454788
905699
813878
323652
147819
289157
589322
83036
349298
507669
847416
411289
182226
153858
301047
28519
55494
854218
112907
58321
34820
515177
225668
227063
851563
958347
835948
981799
867637
291478
792186
651498
829038
630362
826659
801730
454659
483596
662267
879389
598174
53713
787110
385580
580258
190796
745159
79731
52594
886616
622778
12823
584061
633702
719623
459283
581020
22731
877318
808878
373816
699002
609864
399327
904183
392087
910802
180058
221377
93720
68433
885781
384370
826010
690461
54669
864121
233717
257801
631065
872394
4271
161981
979913
280866
417234
42985
492576
441926
85686
195867
127895
691187
259815
459278
398582
553953
866261
816855
438161
294617
544195
430541
774032
16849
603034
551401
467104
203133
110378
676683
695286
316546
718752
407940
485935
364316
394390
897962
474117
591793
795555
437433
676810
914324
110118
217694
532902
61414
925891
833492
558289
889620
807539
38272
160415
195941
716680
832527
53958
587649
976152
402681
740228
170105
149845
377119
363938
973770
142081
990791
446861
995843
22788
201241
825947
944000
32971
190680
371203
426422
868181
392798
422845
150669
149209
763132
644582
473501
201562
606398
933850
32637
270648
334293
180196
991061
882621
501292
687053
336688
405175
867537
43012
79275
203210
897826
486862
766332
590521
589381
315277
938040
272992
792286
678322
995752
914419
53683
741270
871728
749133
984008
430954
588749
245141
756622
902611
238035
396508
673548
813289
268788
571270
133955
12230
183738
480955
54602
430090
394448
86644
560729
865730
633869
902469
136774
577414
556699
582927
582627
647941
437574
392260
999283
523186
574546
51475
713187
605433
364035
344751
922627
604816
310754
532853
59678
429267
423712
128610
482571
630963
41024
97422
57303
776572
19376
141326
845376
264748
131617
192125
529675
878226
105399
163578
875561
864036
947871
870097
315568
947291
996381
133862
252351
44065
211205
535235
174792
351939
125546
644681
7562
801369
686391
88583
577920
592629
591265
80697
171823
982484
289729
81196
355808
508522
567496
880140
812946
159059
272692
602170
275579
531560
323150
513415
977645
496193
944169
240073
470744
230166
808982
888798
111781
129979
38538
196096
38549
737509
522221
723514
126748
335791
39801
444540
702595
478909
371758
215573
753142
716325
86969
327716
531023
951421
469399
441675
582013
870883
590996
114693
120136
234495
993530
19615
724391
833849
277200
212559
923460
765260
665134
568981
150999
590747
621687
85338
855849
234683
831765
951700
537138
594364
951921
537791
329810
881098
423829
23525
496957
872611
98808
582024
520830
231338
271041
479898
156093
547918
124936
71187
543731
279421
493654
331769
377001
726964
406355
245130
360907
68185
333376
154581
129196
274267
165678
570339
797911
5988
868191
844843
539467
167703
612997
952386
707013
359216
951958
971306
426099
661687
339973
465087
58453
873870
664294
536919
175944
988076
809911
35538
548914
347969
443345
319580
308330
850331
65916
417634
864662
269390
986242
523778
975898
611134
429195
443014
42337
428242
785469
152035
890014
808302
97615
237506
434645
937851
100585
611011
305928
158626
917083
557056
538024
208636
77309
5434
422568
724103
467718
980215
531666
480646
635655
767792
363172
977887
595198
724365
380729
83925
898391
900967
465396
394857
399931
528111
40544
176870
156860
942929
253596
114953
325838
468594
362601
332453
483500
497169
372535
586038
304959
191594
79784
138947
241284
197328
304146
661994
325020
148466
753428
885219
888200
696284
929588
156537
188053
846126
578558
539811
290635
451656
975194
503138
532594
912043
157702
644091
408877
368290
991224
1310
42504
921730
458936
82341
501252
521647
117677
78822
791630
766318
565610
984531
286104
183984
658810
870065
770595
382947
243435
453343
294398
85862
565717
348782
242483
594872
652353
615301
699406
104038
753737
621167
223931
928339
745830
553316
468012
185985
11150
41006
587227
148048
313403
212420
567013
563631
243610
202512
498000
932825
684130
598408
821366
779153
850573
973703
785846
850752
382720
25818
378592
456451
200498
915054
691894
307893
967150
475917
80127
247929
297981
127265
618908
430237
211938
687796
795603
347760
394606
329678
288023
70211
153836
693772
294182
820887
388526
585189
641586
608192
281546
950607
966241
538501
191477
607747
397489
144668
925224
25327
376364
764273
570402
67584
427772
594641
710911
352786
604269
96276
121598
189164
476449
501484
167096
469924
7253
810924
236378
90511
707995
631975
450472
833348
822669
581561
840317
791250
66124
719459
299256
451767
158681
105676
471114
508999
707450
731739
481616
149584
745614
818448
320107
841441
428740
779379
550234
935004
200253
323356
21200
604963
725994
382301
227794
316863
723206
522437
556120
624335
320336
838997
310228
998793
858031
227234
142738
812773
397784
8998
206535
41834
23297
581962
982971
22770
617623
710685
645672
136973
979201
370041
562108
519499
517915
954161
583240
237640
377812
463
326317
351496
524437
895262
142153
914775
444498
956686
305330
658702
653498
409023
802318
708826
266891
685173
467455
603562
426270
571284
352013
577876
684772
340689
409948
360495
229776
105371
347228
646801
297652
20806
292730
613458
637463
149799
753622
466232
881585
714858
405438
211357
318120
421745
988067
35604
975900
361005
826831
238506
903431
290848
316834
716240
798300
753751
473084
429531
107566
279398
399200
776930
270474
654934
154906
137063
732575
704860
726560
705875
812608
840173
273842
972994
957729
927914
592447
777233
131382
367130
851957
124695
643614
450847
582561
276049
26310
535259
953437
339226
535990
540263
607951
186297
965954
773659
906903
710619
397718
625
506071
554715
14972
395130
445296
569859
524547
575974
19852
309789
9068
326274
297958
860335
227121
58481
672415
647844
63607
611485
868275
735780
51917
229541
389976
987488
796652
10288
519001
827915
857640
737425
147435
201236
536137
494456
747712
427391
859313
161632
796969
742617
25201
151340
953111
343186
863805
969258
787684
206170
466807
184241
384554
772255
638369
434295
801208
35426
704648
255487
300611
612760
679745
441836
859234
101016
69287
476506
601648
736367
993943
586803
837237
142893
292370
141461
368308
837653
483830
774605
393799
573769
680325
796356
558797
581008
110498
397263
714404
79708
139901
125130
900796
229222
876793
626010
956584
922291
55708
517697
999223
291136
747434
602044
413178
150571
608079
481784
966652
206415
89372
375628
633463
309392
52141
225694
251116
925883
200022
491048
571543
914267
982633
561268
209141
57497
841708
263317
260293
963997
987454
304655
790171
512525
976563
932894
144932
725688
779295
495162
360723
396806
907902
377410
676139
988714
456104
500508
406706
641912
619407
955574
774123
213161
434543
49269
607196
145571
794982
443079
218203
285123
508637
418011
778938
832301
539956
144701
407219
879892
944135
948841
457031
925442
293604
557021
246424
343660
479901
874122
409622
640827
982700
382415
868713
143732
801043
679741
722045
321205
533534
112089
661111
835577
929513
208552
459218
815485
631661
832263
553720
659117
367491
499334
996970
177305
899326
979751
913439
500876
820467
246202
290253
76100
587330
158335
587977
263918
505846
833044
770938
741011
697909
960807
405100
999702
470051
616196
366856
497665
582320
60360
702175
796356
353501
640930
369406
632830
295076
461647
918279
981750
134467
483104
951242
518835
174007
760487
672595
426347
777521
644089
360063
395464
605793
468445
22101
62139
89710
480308
722687
804337
11496
702271
94280
655670
15561
683131
91550
790641
832463
344027
288764
822661
133193
972157
543064
546458
572976
540355
760251
426337
935046
242799
735611
258034
384544
449873
74087
407341
167295
259980
178805
853678
334421
170438
386088
466571
910612
413545
967683
475733
436481
484302
976398
976950
225976
662909
834248
472315
475476
409578
825503
42127
630145
236871
899092
672066
151168
526500
601346
612503
73222
807404
614531
450347
435762
704542
703335
903988
99326
477322
367813
373528
16206
439057
942845
749503
265374
605521
439663
859335
883993
319812
442544
525132
437150
178998
293772
192728
362604
196481
19500
110234
635396
423165
241893
668631
655338
180246
897545
675481
764441
14817
228133
755132
307507
306045
595620
186894
777958
272307
307562
785002
217015
956792
688994
346941
575058
210869
894374
69753
42272
670688
64199
740203
431908
609168
919400
875264
930246
219159
68359
862215
794180
125287
853105
901870
266173
295216
632765
922385
805026
153146
383156
810436
310180
530041
343695
71476
161104
110624
130269
652842
841120
96067
756206
540282
560486
710279
592218
649546
515897
107072
500605
108542
816821
562973
322041
702147
682357
172624
245725
631431
804531
385626
662200
396821
141892
448629
575583
116055
820448
473714
725541
835448
817378
32726
309536
61631
633821
632323
615763
877149
551230
228886
268482
325088
600319
149148
276485
741290
665168
417109
292998
447431
480414
538540
287983
607119
661782
777280
37456
436743
558218
505250
897655
194672
450769
979301
322791
95219
276703
402236
109768
119041
929977
923414
642227
133388
795450
866315
873397
251394
30923
342870
646668
658743
110388
449562
713739
285766
355697
244865
431868
116626
231500
567004
898065
80303
754894
385481
282098
400562
700915
414385
38302
83882
125799
632398
97724
221505
615456
396273
523147
745258
562285
468368
13090
359258
366533
684747
139439
8541
210653
747070
480034
878905
771847
970199
495064
992903
233221
898794
403633
519843
449688
854013
110472
861363
187537
158718
480479
267354
21589
622559
75311
521069
979851
888412
822280
298021
344204
845922
759703
59017
209082
577359
78264
822146
426918
154183
144711
709489
909543
852217
709621
168273
175007
106176
639939
917489
40928
956685
830211
52254
203718
883024
592086
47069
224287
497956
520454
512728
840149
330536
530904
935138
332291
935533
108677
458281
532748
269057
237140
922347
740846
941671
586448
303323
602572
929993
17942
695437
81674
877403
601180
118565
693533
335214
572782
217070
604648
962129
391666
695874
62486
574560
646890
202639
808497
261244
291320
125252
464189
593021
51967
694844
23940
774229
498013
222216
676502
699567
827296
805686
526323
303467
903670
727307
815880
700953
550065
781201
424693
217271
67298
996393
844989
229483
498922
468411
795537
886544
391288
380272
186262
109750
67235
51532
311185
61133
44080
950436
59332
384275
233463
413948
959121
696785
460966
236062
500268
162141
777147
188129
162208
113060
289250
292207
935117
550397
826184
187533
83555
962001
376328
397281
178661
576300
279102
773668
905500
276401
569787
433484
174654
601664
119924
323302
960305
28149
290055
807931
451249
397317
492986
156835
394940
963030
995402
369943
629370
445005
621318
62179
642904
800689
462736
839672
528738
835027
664180
118563
916908
818558
589531
771777
835492
814664
423423
843889
314454
475293
297738
125770
996438
496437
852065
18578
546082
709289
971451
859670
34902
294980
951653
693891
206291
842134
882131
26839
805297
196797
571389
103577
6358
848060
829178
336220
837016
35041
687227
177453
336285
792633
924986
981929
829234
836116
885482
591369
602132
183317
26914
983389
175848
659338
135195
21177
611335
539481
77206
194656
125130
205938
224348
688107
887134
779502
138924
604981
812612
761616
195225
671677
837525
177328
688341
690727
598765
373730
432090
372386
367205
68645
887618
561544
160660
814902
342021
696318
737321
316019
159269
806986
339956
674465
709401
42435
493270
995741
856703
358719
98792
891134
569725
88320
436880
360226
530913
473552
437
975975
638217
989373
787069
796639
258898
505353
3263
858486
64619
4011
451676
699607
231016
281258
725204
746474
677625
916276
725099
101830
797147
830467
133748
254261
618085
232261
393395
442542
679606
565636
814094
788512
46819
36392
49159
684476
806166
562222
130442
870722
806731
873442
56147
828295
515152
854588
71901
74998
324246
213652
77819
397680
291792
723197
344934
42291
765396
503425
333559
907361
245363
56138
365267
741649
184765
559979
165403
63174
288964
598129
623465
822585
933154
601495
973297
206657
628620
676159
644798
274397
891824
30887
448922
898871
946817
695188
133223
742336
400931
908285
434997
783909
459489
513735
358268
581989
101336
541572
564508
605744
717876
788591
302151
774772
534069
684523
973082
877898
787491
453938
852843
154834
77564
377062
350052
493377
917858
802347
750655
928133
405523
491005
846036
938290
305090
32833
199135
983031
843538
692875
564925
670517
731995
562668
274434
203162
20719
635441
462066
13455
25465
207614
724525
739190
103354
654537
452445
659890
811854
777759
869457
631807
460363
245512
584378
318791
966781
768443
896005
416779
8929
147615
85405
247310
745363
253573
93937
559207
984387
319139
260601
639420
92908
383874
144912
827904
136310
670782
91292
945941
638331
326889
804102
812368
931598
663143
678491
354084
58904
465120
354808
353175
940207
955332
694348
861235
566609
61117
892301
166147
140102
369895
212289
845222
875115
417340
693488
449811
195072
561658
989865
786264
701141
879252
199927
844449
234146
987072
927315
381597
287253
546525
584780
318412
111160
393468
468667
35951
576295
879381
679623
12370
774084
530878
735868
687653
445411
822002
318855
414086
953048
991035
740902
337318
172964
28943
279467
501667
781713
287086
355275
718179
981718
727498
131450
343653
825908
609254
490900
571652
279755
44884
251593
883397
150751
798704
954386
69247
701763
136055
299389
693351
162681
733521
920132
605773
191835
221846
878301
50079
139412
910860
634164
920115
610491
162380
370681
820844
208816
126073
216359
481801
358853
974716
806459
976607
840703
780989
363714
321368
131802
703673
844921
520061
236237
260276
221433
500510
352205
207572
697268
947164
872370
716326
791193
346238
132032
180599
562330
531009
618791
478917
731418
879110
459415
777802
217346
36606
405667
973781
707949
957221
963854
643911
329210
578834
868555
962804
818625
394130
544408
836128
136674
988175
953078
241813
562281
673745
159199
905071
459562
767372
288681
290107
181939
55758
319881
618271
484991
101519
424649
665652
620773
666855
154095
275680
798575
34061
850091
209744
906865
414472
69119
803458
202337
461195
246737
171634
249692
339691
281588
905552
407395
403071
275352
896019
976758
593903
510224
982815
344734
301543
131598
119485
460015
601054
515722
824752
586154
166445
45759
285496
229304
85875
513178
334320
120142
139404
192273
291990
732303
476356
844803
733600
533683
627466
450397
348747
902908
181448
224675
875869
280994
267421
951215
920621
726301
16663
334815
575330
215520
222187
84564
821356
672960
238916
520761
434276
796776
229715
1178
280616
510807
548569
825208
972593
372673
953466
39791
306848
911176
662205
891636
962999
331266
491082
641054
932740
181432
443275
222980
291838
964814
237726
86244
965826
586934
780617
571169
742661
155102
604386
317306
698688
862401
951839
591913
841915
362190
929136
624506
321778
502306
588708
280758
614028
698139
840723
664988
920365
390181
41891
102569
432242
585847
269185
485368
43756
635890
188440
879776
571299
290423
659824
306799
368219
178957
561818
314695
688475
215707
18386
239850
680220
56980
426152
356842
551914
222052
722936
554098
387512
585187
751022
727462
159640
917615
439548
648829
282059
753951
522392
776416
247916
470044
448820
448088
411742
53341
487436
603926
18026
411181
645051
360760
762221
171447
824779
57680
661414
246928
961988
922176
340884
38356
187372
422907
776880
942632
608660
347721
6129
74478
324366
721978
338884
149957
558534
214589
283649
359769
287048
270329
563536
547523
381206
273352
109056
82211
257636
569143
744641
779084
471094
982418
192509
75668
933726
127493
545658
458824
952392
885692
200357
271120
570692
626896
605845
811222
192212
273541
293306
527473
710917
312503
262990
508236
187015
225338
538067
402712
304372
274610
236039
804998
227202
267689
391703
339125
908872
545159
432158
564464
3700
153923
326420
221373
929182
372932
329991
353513
730964
199093
713497
984629
502176
462324
959896
856724
3969
828949
859481
309884
664055
842725
545284
691471
619139
723387
137904
876713
650158
193511
391598
835011
602255
370067
64154
28246
72951
191200
927573
115911
987213
844767
567152
801436
683660
807661
983343
171
349953
241222
950193
75536
788709
758522
688352
900458
35549
914718
713022
865570
455700
103222
872915
366955
644246
25284
85487
411387
789179
965316
296736
784305
885198
338836
688804
7291
204304
304272
607084
824782
417111
339726
791315
422147
687213
778047
119800
813737
564416
119678
200198
239364
479120
596108
31652
24839
538485
685300
284894
150462
378319
131947
736141
131573
150575
694598
520762
469863
410964
196825
186038
923726
776953
848529
582123
174049
973318
191877
164337
480163
891170
729246
499733
517777
453260
862810
257824
269602
415615
616189
837541
479580
808526
987099
479118
629258
51878
66042
52672
197205
35920
868286
443040
393055
423785
361941
230036
238868
11157
880898
897787
406268
448431
723554
999778
315140
5113
428113
529275
787692
864734
286987
369256
322625
432568
527488
130162
735948
603308
401283
695221
725528
215066
810314
394009
563321
407617
473771